895 897 
346 722 
914 829 
775 419 
944 789 
419 720 
847 37 
472 692 
766 998 
809 960 
797 622 690 838 280 419 682 
561 332 
598 805 
381 449 
217 470 
561 419 
919 722 
692 48 
419 489 
279 919 
699 327 
177 694 
883 581 
354 21 
283 766 
438 489 
792 419 
494 998 
279 283 
484 419 
885 790 731 385 721 283 375 
120 392 
947 214 
283 368 
752 368 
145 766 
477 71 
362 720 
214 998 
829 70 
117 45 817 
554 131 242 
196 368 
800 859 
362 168 
472 489 
32 39 
676 354 
598 682 
947 139 790 310 70 
774 354 
829 658 
895 394 
217 571 
966 12 
653 125 
707 943 867 722 684 362 
215 529 
132 895 
769 477 
738 147 78 634 538 
177 541 
692 684 
620 722 
631 529 
296 234 649 829 712 
196 893 
131 93 
494 684 
946 913 
614 581 
111 229 
38 368 
183 795 
872 
177 161 
883 93 
472 339 
283 265 
258 943 96 
919 577 
88 294 603 
145 744 
176 788 
712 229 
381 829 368 
561 398 369 
279 78 
887 789 
354 694 332 
738 277 
648 885 
460 789 
722 350 
279 214 956 
460 798 
120 937 
687 529 
895 956 
692 895 
937 720 
687 722 
758 368 
656 140 
449 12 
279 346 844 143 
217 684 
893 368 
920 541 937 884 
177 759 713 574 
49 
874 354 
760 886 
919 205 
196 937 
510 78 
428 826 279 
937 614 
207 126 658 
146 
638 368 
390 937 
214 782 
775 684 
487 100 541 
354 419 
548 595 31 885 721 
825 354 
578 766 
977 797 947 932 370 923 
296 609 
740 151 210 440 477 482 
769 411 
510 606 
789 597 
510 198 
11 995 470 534 793 
32 682 
147 97 183 
964 914 
54 617 69 100 362 910 
964 54 71 
328 4 70 
692 720 
494 401 
115 766 
775 966 
346 336 606 143 567 
448 834 274 240 328 538 
825 966 
529 419 
354 780 
825 914 191 276 426 
694 871 
789 886 
177 919 
494 888 
373 477 
887 160 653 14 
111 653 85 
177 275 
888 992 
900 27 845 733 938 921 
338 21 
120 362 
885 956 
346 224 85 143 844 
354 489 
214 332 
883 57 
32 782 
775 663 171 
279 346 224 143 
120 782 
758 871 
368 332 
120 512 
529 895 
381 112 
774 950 722 526 403 326 
766 548 168 
825 69 
143 31 895 381 417 125 934 
274 411 
793 368 
217 276 
698 130 125 839 
472 581 
684 577 
639 319 499 126 765 
809 766 
690 125 701 
120 494 
862 397 885 
598 829 
183 401 
922 196 
494 381 
214 843 
32 470 526 276 325 
467 673 
825 914 426 276 90 
460 489 
494 798 
350 603 682 
641 684 
914 548 
775 919 
692 950 174 241 766 
598 381 614 104 332 
622 690 838 280 95 419 682 
692 631 
279 844 85 
862 40 
472 844 73 805 
981 36 424 274 8 925 
676 509 
803 368 
381 966 
388 419 
902 145 
706 885 
706 766 
774 368 
692 8 
591 695 
32 789 
177 891 205 785 
966 789 
280 947 
830 859 
392 294 
494 966 
569 766 
579 972 736 
334 676 
883 183 
763 368 
334 168 332 
68 947 
120 401 
120 349 
279 336 606 143 
829 788 
883 510 
569 354 
177 891 205 217 
914 598 
541 453 937 884 
346 354 
947 829 
829 229 
334 548 766 
541 377 17 
766 661 
214 368 
937 694 
766 480 
684 606 
120 132 12 638 885 
487 129 477 
780 661 720 
567 336 606 844 
279 720 
843 837 31 789 798 115 
809 715 
928 487 477 
919 239 804 
217 581 
760 923 663 
763 183 
666 417 918 672 354 
814 820 
38 614 
837 31 789 798 115 387 
914 938 
496 368 
722 885 
217 71 
964 494 
653 658 
918 105 
684 174 
674 829 
494 205 
706 653 85 
843 998 
177 71 
468 71 
115 31 304 789 387 
893 411 
276 368 
177 598 
407 914 486 718 572 
55 529 
354 529 
283 419 
6 682 
529 998 
414 366 298 183 
649 310 
529 658 
494 914 
569 789 
229 871 
21 538 
793 682 
921 874 538 93 932 
529 538 
486 470 
93 368 
205 362 
39 170 
953 440 398 
346 800 789 427 
684 827 403 
789 682 
693 155 583 45 378 108 385 
259 778 523 
100 722 
597 553 
833 895 4 70 
967 385 
279 419 
620 38 
334 548 168 
125 343 
168 477 332 
846 937 
825 944 
472 31 354 59 
758 181 
116 368 
687 85 
964 401 
419 885 
283 597 
472 529 
722 401 
682 41 
541 766 
569 642 937 
42 
569 368 
346 844 567 85 
692 346 
937 35 
888 419 
862 720 
692 956 
132 310 163 
55 694 
684 175 
883 283 
608 859 
766 538 
706 577 
7 72 427 529 
494 895 
75 262 470 240 597 
31 722 
54 633 541 600 992 
472 829 
692 676 
639 746 
829 886 
888 794 145 349 
354 804 
548 978 
54 918 
494 526 
541 862 
692 529 
883 914 
173 368 
203 949 529 204 
956 538 
494 279 
140 871 
843 31 789 798 115 387 
964 982 71 
766 239 
460 509 
561 766 
883 793 
494 675 
120 71 
362 682 
526 956 
381 145 
826 967 
73 480 
140 720 
631 618 874 411 395 329 
674 145 196 
201 218 
775 362 
623 349 
494 975 606 678 
173 204 
183 354 
932 504 
958 438 242 766 75 108 8 71 684 486 
458 789 
120 205 124 834 581 
279 224 85 
279 529 
32 348 
883 665 
54 597 
797 622 690 838 280 95 419 
571 368 
692 845 484 315 
598 52 
722 523 
460 614 
177 775 259 781 78 
690 794 125 
883 471 
540 141 489 682 
686 403 275 
234 763 
510 239 183 
674 529 720 
591 526 
706 778 
470 956 
8 422 918 823 
631 780 32 735 720 920 
201 147 540 509 
328 4 895 
93 694 
701 218 
795 438 
536 319 476 
494 373 346 424 377 
449 422 895 
998 682 
115 541 72 
48 387 
32 614 
574 949 
513 196 203 
952 793 
775 914 
919 480 
841 368 
280 354 
826 682 
421 181 419 913 
132 368 
529 851 
526 682 
883 795 
937 242 
217 788 
692 885 
914 470 
885 682 
775 460 
899 205 
763 614 
507 618 895 
132 795 580 
674 766 
914 766 720 
362 368 
381 778 
947 140 
494 350 
829 401 
242 634 661 489 538 
390 746 
239 871 
947 489 
487 722 
354 104 
438 682 
120 32 
657 829 
151 354 
205 5 
933 2 241 193 
32 722 
722 71 
217 631 
208 346 432 8 
766 72 
684 885 
812 93 
280 918 
886 427 
151 766 
427 897 
634 438 
793 529 
510 349 
561 800 829 411 
862 419 
279 392 764 489 242 
705 620 51 43 
8 72 
236 541 240 17 956 
449 110 387 
981 438 
684 350 
923 438 
844 829 
561 843 
177 883 274 573 
8 690 467 
115 947 
477 368 
684 183 
932 368 
780 368 
722 438 
678 471 960 185 
890 38 886 640 259 722 806 
766 168 477 
226 857 614 
132 829 
909 529 
883 390 
217 800 
279 844 567 
534 829 940 
775 56 663 
937 97 
145 95 
862 937 
217 368 
419 71 
620 963 
914 183 
145 57 368 494 937 658 682 
692 69 
704 368 
346 224 567 85 
692 205 
470 205 
914 39 
593 766 
862 722 
854 829 
113 37 265 415 411 179 68 377 
205 682 
529 70 
560 387 
354 424 
511 760 228 
984 368 
618 105 
132 919 
900 110 682 
884 874 314 1 470 66 523 980 823 
39 401 
212 919 362 419 694 
132 766 
239 140 
760 12 597 
752 956 
795 529 
829 72 
914 571 
32 205 
919 401 
93 529 
554 943 
390 72 
177 69 
450 919 937 
120 798 
829 350 
883 343 
631 829 
933 214 
504 239 
145 614 
760 663 912 
308 331 
684 574 
676 526 
789 140 
354 937 
620 368 
129 368 
692 714 422 229 
39 460 
279 354 
175 782 
674 12 918 686 
39 597 
183 538 
684 766 477 
177 944 
460 720 
773 
706 111 85 
93 952 
183 722 
183 419 
8 70 239 90 
722 574 
944 829 
665 897 
692 598 
234 489 
8 69 746 963 
933 766 
80 477 
283 401 
801 529 
579 792 304 608 511 175 
346 606 143 567 85 
368 523 
800 608 
937 581 
766 937 
964 720 
249 658 
766 285 
795 766 
960 368 
914 460 
381 632 
914 782 
71 489 
71 629 326 187 841 
54 944 447 998 192 
217 413 
706 722 
569 204 576 315 117 509 
12 401 912 
236 489 736 
591 206 851 162 480 
368 871 
378 766 507 
675 967 886 66 85 
692 309 55 45 614 177 
494 419 
541 895 
275 4 
529 401 
322 766 140 
658 765 
217 112 
203 93 
217 593 
93 732 
28 48 
860 239 
766 70 
322 129 651 
946 72 
780 778 438 
487 368 
110 438 
675 368 
829 239 
12 735 
829 746 
154 789 
687 634 229 
115 843 31 304 789 
336 346 224 85 
862 438 
443 487 100 
803 732 
944 70 
854 722 
285 550 
72 413 
797 37 
605 319 769 140 
217 362 
782 658 
684 57 
561 937 
177 946 
883 937 
8 155 
829 242 
684 236 
38 778 
775 132 310 
561 720 
120 183 
419 798 
368 897 
214 682 
147 975 
203 732 529 949 
888 792 
921 320 173 
39 829 
608 992 
120 789 
387 788 682 
919 509 
554 131 501 
631 722 
598 529 782 
692 775 
722 477 
283 438 
177 606 
598 966 
914 944 
175 198 
236 682 
419 597 
888 956 
296 175 
283 285 
758 722 
8 362 
692 283 
585 318 
631 368 
57 766 
883 871 
964 766 
883 789 
722 963 
676 829 
449 110 682 
937 419 
684 471 
529 694 
145 161 
829 509 
684 789 
766 401 
280 140 
766 788 
470 722 
419 538 
175 862 
27 438 
334 766 477 
623 690 794 
522 885 210 617 71 937 
419 886 
510 795 51 218 368 
349 658 
966 401 
899 862 789 
674 405 720 
151 988 266 
283 937 
381 571 
69 722 
692 494 
938 720 
766 878 
793 956 
120 854 
450 368 
91 142 
12 419 
120 684 
844 385 
177 362 
684 346 
706 111 653 
639 526 707 937 538 
392 362 460 658 
332 682 
569 100 526 
606 349 
775 75 595 325 
914 665 347 793 984 
8 671 
722 239 
93 51 
115 31 304 837 387 
920 453 937 45 
775 632 663 
177 183 
797 622 690 838 95 419 682 
470 419 
120 631 
623 368 
738 966 
145 862 
825 914 426 191 90 
919 661 
484 720 
450 112 
883 526 
931 453 884 
8 835 
526 368 
368 509 
692 401 
279 606 143 567 
346 541 
427 368 
763 778 
620 192 
883 630 405 477 
753 821 960 661 
120 522 
797 266 
769 45 896 
862 766 
188 634 
919 460 481 143 
722 998 
760 12 663 
334 145 
826 110 207 798 
684 918 
989 792 841 550 
914 862 
591 477 
883 960 
205 204 
752 684 
354 196 
390 368 
373 788 886 660 
449 900 110 
115 31 304 837 798 
614 538 
217 682 
854 354 
801 953 
346 419 
947 145 
354 970 
766 614 
464 634 349 351 
352 460 
883 601 841 443 809 529 
809 913 
129 766 140 
520 798 722 720 192 
692 844 
458 531 
687 276 
854 895 395 
348 155 
598 470 
183 145 
752 39 
494 362 
367 
628 766 
862 956 
919 829 
177 626 897 
837 17 956 
236 6 
449 368 
684 597 
998 943 
687 765 
888 744 349 602 
855 937 
217 93 
39 362 
336 346 224 606 143 
623 28 
130 274 820 
775 71 
657 236 
833 998 
283 460 
663 171 553 
460 941 
494 438 
69 829 
788 377 
825 775 
638 629 205 614 
308 684 
937 489 
920 931 937 884 
75 354 
949 732 529 204 
914 521 112 
829 720 
354 538 
571 354 
763 265 
177 354 
236 937 
470 735 
513 368 
55 93 
692 997 845 315 
684 75 355 438 
788 110 682 
145 793 
405 529 720 
829 758 73 
966 991 307 
529 140 
620 529 
217 782 
280 874 390 966 
183 39 
8 348 
8 529 
716 368 
684 21 
120 39 
722 949 
684 795 
526 766 
752 27 58 357 354 480 
825 914 339 276 426 
338 210 
68 54 758 37 
933 33 241 193 
438 956 
205 597 
824 423 913 567 
758 38 
354 746 
346 937 
368 581 
54 368 
874 484 168 427 
419 522 
510 895 
283 888 
529 172 
39 937 
470 720 
513 58 
795 789 
575 
392 354 
132 529 
883 419 
893 567 120 354 241 350 
224 527 
639 878 
423 722 
591 403 
789 304 837 387 
75 789 
909 862 
263 663 597 
8 871 
829 998 
825 914 191 339 426 
120 766 746 841 
766 112 
509 642 408 
692 538 
766 581 
217 401 
21 210 
45 829 
766 298 
634 408 
129 766 651 
923 663 401 
354 112 
738 829 
829 17 
392 207 
766 48 
826 523 
142 940 346 527 803 435 682 
57 210 
541 844 
895 413 
648 72 
675 205 
690 911 467 
914 350 
914 694 
354 413 
561 682 
403 695 
494 834 
201 846 333 116 653 720 
159 95 966 722 517 
591 5 529 104 
120 140 
216 738 73 
54 888 820 
120 740 829 256 412 
93 897 
111 249 85 
883 217 
843 735 888 490 348 
684 991 576 290 
919 477 658 
944 722 
684 944 
217 489 
919 283 469 
948 798 722 918 720 192 
158 332 
354 844 
829 820 
120 104 
278 413 368 682 
548 937 
832 593 812 579 
145 923 
205 944 285 529 
883 769 45 
73 940 
183 614 
752 455 
883 862 
585 947 270 541 72 295 937 529 
569 39 
881 578 48 1 8 349 
217 69 
789 871 
470 919 
829 782 
536 319 145 
111 205 
684 548 477 
832 988 39 580 871 
534 829 480 
217 663 
919 438 
346 336 606 85 
295 940 
964 75 
520 722 918 720 192 
829 510 981 843 885 
335 963 
383 858 460 
982 368 
766 489 
785 594 
496 626 897 
674 722 
854 217 
678 110 
966 919 
843 837 789 798 115 387 
411 477 
234 265 
357 345 919 316 580 
618 766 3 895 
57 529 
763 39 
145 362 
692 75 
275 222 
158 998 
675 937 
472 775 354 116 624 
275 583 
933 279 
346 362 
883 888 
947 381 
8 758 
12 937 
487 766 
900 439 815 66 523 
945 460 
285 362 
120 655 680 828 
684 967 
45 999 896 
217 285 
554 44 663 377 
494 413 
354 871 
684 581 
788 110 387 
829 956 
687 766 
151 945 
914 426 339 90 
946 841 
631 413 
354 358 
563 362 438 567 
623 48 
419 438 
775 998 
294 350 
946 480 
80 354 
8 229 
919 477 207 
177 350 
598 722 
438 401 
829 349 
785 205 217 
874 708 841 480 
812 2 577 851 
944 888 
279 336 844 
832 487 
120 947 
933 956 
766 782 
829 368 682 
883 145 
638 279 953 438 
684 686 403 
336 224 85 844 
234 797 419 904 
126 332 
147 973 580 871 
788 113 
947 789 
541 362 
829 900 814 617 236 
982 984 
183 923 
177 722 
674 801 
470 895 
322 129 140 
665 347 793 419 984 
461 140 
115 744 635 517 
541 45 937 884 
529 798 
39 171 
606 841 749 72 351 545 268 
93 949 
778 70 
406 941 789 523 
177 447 
774 73 
205 771 
525 858 161 
450 171 
788 722 
357 749 
470 766 
826 168 
132 688 
775 368 
623 125 701 
704 722 
797 622 690 838 280 95 682 
766 682 
829 362 
883 523 
115 205 
638 738 583 799 736 
319 204 
39 205 
640 701 
82 760 
48 694 788 614 405 376 
775 69 
529 789 
920 541 45 453 
932 239 
606 829 
362 956 
832 975 175 834 
947 944 
470 862 
183 682 
351 368 
900 144 439 815 523 
862 919 
775 308 718 314 75 487 548 
354 862 
322 47 27 775 156 
740 914 544 
878 368 
794 125 701 
800 937 
470 401 
39 529 
405 800 871 
470 682 
31 771 
932 89 198 518 
414 390 
115 843 31 304 837 
554 501 242 
285 918 
494 956 
749 460 
797 368 
684 239 
561 722 
269 
32 684 
537 82 
541 694 
692 509 
919 600 
335 687 690 440 617 
568 440 398 
90 919 
831 316 
205 265 
921 459 701 675 
144 815 900 66 523 
937 239 
46 174 577 
217 183 
458 208 888 969 290 
548 205 
676 522 
494 93 
789 477 
648 571 732 405 798 
90 191 276 426 
883 140 
296 183 
632 116 
411 21 
775 888 
529 220 
510 919 
32 538 
283 470 
826 37 
526 720 
405 529 438 
597 368 
296 205 
203 732 204 949 
236 744 423 516 
39 766 
368 970 
129 70 
268 919 178 
275 661 
895 368 
639 701 805 538 
276 193 
354 438 
346 766 
354 52 
217 634 
100 96 
617 368 
684 960 
684 682 
829 6 
487 32 
722 614 
722 871 
705 470 
967 947 981 712 368 220 
638 131 
296 510 
982 511 760 
32 283 
472 722 
381 722 
145 792 
392 529 
829 35 
217 862 
914 75 
368 884 
722 419 701 
100 529 
789 895 
674 368 
883 843 
590 769 157 276 738 500 
283 682 
450 758 
460 438 
704 829 
234 72 
964 628 
460 239 
752 419 581 
871 332 
883 12 205 489 401 
966 368 746 735 438 100 
593 40 
82 629 
675 218 
883 630 606 774 
12 597 401 
797 354 
684 54 
593 829 
789 438 
354 867 
129 944 
281 494 690 125 70 
39 154 711 354 722 918 168 484 
631 526 
494 766 
674 366 720 183 
120 888 
407 332 
217 419 290 
470 988 548 396 438 
504 354 214 956 
829 78 
684 598 
795 829 
541 919 
39 792 
568 878 665 981 120 546 136 538 
234 947 
486 901 239 720 185 
354 205 
676 844 
769 999 45 
38 694 
177 885 
985 
368 6 
115 775 
487 684 
883 276 
145 509 
279 722 
593 142 54 815 655 68 529 
114 51 368 510 
210 888 778 354 111 72 349 
966 39 
692 332 
75 145 
684 690 467 
797 494 
571 722 
145 594 
177 419 
526 354 
829 276 
529 21 
274 529 
819 538 713 112 
569 829 
829 315 
90 529 
825 494 
911 956 
998 332 
487 829 
684 919 
886 18 918 401 554 371 
537 35 
390 878 
377 956 
239 581 
381 294 
55 652 
883 712 
283 663 988 
805 368 
201 675 
378 541 
120 835 
738 283 
692 918 
883 829 
217 569 
952 782 
914 793 984 277 
419 229 
390 529 
746 162 
684 132 
692 279 
760 923 597 401 
529 614 
541 594 183 642 533 72 96 
368 112 
234 268 
432 274 130 528 967 
846 795 
919 71 
569 919 
388 742 758 789 401 
966 17 
706 782 
368 480 
854 676 
921 529 
199 
38 21 57 611 918 362 
914 676 789 
674 953 529 
706 663 171 
883 919 
158 354 617 885 583 
663 766 
494 947 
789 574 
844 722 
145 789 
803 921 69 860 
58 460 
354 368 
486 529 
538 41 
289 591 206 851 480 
144 403 474 
115 797 
55 829 
283 544 949 
12 663 597 
784 722 
151 12 
760 923 912 
775 132 163 
145 460 
561 651 
780 722 
69 354 
641 450 797 419 956 
991 469 332 362 105 
12 923 597 
684 966 
895 438 
975 368 
883 769 999 
120 571 
541 606 590 208 41 116 
966 275 
889 
379 862 
541 368 
833 214 
115 919 
8 829 867 
507 618 3 
32 956 
529 878 
75 849 
684 490 788 814 538 
843 837 31 789 115 387 
289 591 851 162 480 
862 829 
692 217 
279 844 606 143 
805 720 926 
487 675 
775 171 553 
443 100 541 
933 259 43 
775 470 
419 276 
982 766 
330 
39 789 
548 492 984 550 
151 899 938 147 
829 583 
789 368 
674 895 
450 620 
177 569 
629 663 171 
982 236 
684 413 
8 914 
674 405 529 
854 438 
217 395 
789 304 837 798 
722 460 
874 888 500 871 
766 694 
128 310 
775 632 706 
145 277 
168 368 
571 937 
569 722 
684 112 
829 52 
571 766 
900 387 682 
8 722 
798 304 837 387 
279 346 606 85 
874 829 
883 32 
390 941 
177 684 
579 829 
569 732 718 
91 594 
571 529 
914 888 
568 785 966 140 
280 809 722 481 226 
177 487 
472 276 
830 142 940 346 527 803 682 
115 31 798 304 387 
577 600 
765 952 403 329 419 
183 829 
115 843 304 837 798 
964 631 966 581 651 
935 672 
883 368 
778 368 
247 354 
914 956 
450 57 937 
175 829 
494 538 
598 766 
795 94 
403 477 
760 663 401 
461 576 427 78 
33 883 740 274 573 
883 279 
12 368 
308 205 424 
120 883 
766 413 
883 966 
39 600 
995 763 
487 838 215 688 522 
883 175 
860 932 
948 798 520 918 720 192 
120 795 
209 440 296 267 411 803 722 329 
580 573 161 368 
883 676 
432 949 
978 378 487 510 256 912 
634 529 
33 933 2 241 
640 317 865 143 
151 862 
684 676 
809 447 594 849 529 
690 794 701 
598 354 
766 290 
478 419 
259 368 
795 937 
38 766 
38 583 
31 653 
829 780 
494 960 
788 746 956 
217 923 546 661 947 
914 628 
883 470 
111 706 249 
507 998 
960 468 276 
54 354 
468 862 35 392 4 242 801 
809 38 
775 258 
810 168 
145 205 
381 122 
834 368 
261 474 970 
132 80 
55 175 952 984 
296 283 
975 196 820 823 
825 914 191 276 90 
177 682 
810 618 
854 140 
33 2 241 193 
334 183 
421 899 750 
914 800 
826 919 
68 864 
145 21 
947 782 
638 334 989 73 474 
175 722 
675 722 
145 529 
766 78 
115 843 798 304 387 
471 205 
752 470 
509 956 
33 217 283 515 346 
571 275 17 
32 54 
888 885 
217 937 
33 846 57 661 127 
58 183 792 210 961 
217 39 
177 27 597 879 
684 720 
883 438 
775 632 629 
449 788 110 
32 766 
354 682 
895 913 
579 842 572 411 350 803 
883 692 
883 638 
281 192 
569 526 952 35 
885 368 
477 695 
883 538 
953 720 
39 541 
285 956 
311 339 
989 778 
766 276 
883 720 
39 793 
883 798 
279 346 224 606 
366 10 203 688 
676 722 
989 32 197 577 193 401 
450 829 
731 0 173 710 
735 362 
561 438 
319 22 706 616 540 505 
675 684 
120 712 
132 471 
692 795 
893 477 
919 477 126 
883 782 
346 336 85 143 567 
641 529 
205 720 
164 225 139 782 213 
694 805 
684 548 766 
120 294 
357 829 
494 789 
145 973 686 
100 594 
470 39 368 
177 496 626 
130 829 
227 789 
494 471 
39 522 
706 663 629 
775 956 
766 871 
494 854 
795 145 48 580 963 160 
115 843 31 304 798 
328 154 
871 538 
789 538 
347 829 
32 274 
470 937 
390 766 
937 746 
579 529 
115 937 
252 283 38 526 71 
829 581 
692 871 
280 944 
381 597 93 460 522 
921 947 
132 981 
578 651 
548 168 477 
196 895 
676 419 
183 203 961 210 58 
279 336 85 
510 617 
933 362 43 
769 893 
641 921 614 
68 117 45 
285 661 
766 274 
583 673 
653 368 
384 64 864 
346 336 85 844 
775 55 
381 470 
177 529 
334 548 477 
760 401 912 
319 595 368 48 676 527 352 720 529 
663 409 
809 175 
158 214 
12 663 912 
593 989 336 354 71 509 921 
217 960 
432 544 
692 745 746 572 706 487 161 
692 471 
120 192 
145 401 
529 897 
692 6 
120 676 
470 550 
529 886 
914 319 145 476 
12 829 
279 829 
952 354 
354 798 
632 706 553 
120 956 
177 72 
217 140 
766 793 
966 956 
334 548 332 
829 918 
568 953 440 
740 334 998 645 126 800 
207 477 658 
914 191 339 90 
44 377 48 
414 829 935 140 
120 145 
829 793 
939 352 
8 217 
390 885 
39 720 
387 110 682 
815 556 196 43 350 
692 694 
541 509 
177 886 
919 37 
568 953 398 
336 346 224 143 844 
8 346 73 432 
722 96 
914 966 
510 477 
618 145 
217 334 713 722 343 68 
145 71 
145 52 
692 93 
883 854 
785 180 205 
151 663 
921 829 
722 361 
217 438 
210 104 
283 229 
561 967 
381 937 
843 31 304 789 798 
883 110 
623 606 
800 703 
35 956 
569 937 509 
217 541 
541 831 
844 336 85 143 567 
692 489 
982 829 
75 642 
403 222 
529 970 
639 274 521 855 
784 620 
120 449 
829 897 
39 538 
641 557 448 
684 419 
844 510 802 922 372 682 
919 682 
778 71 
960 913 
868 677 744 
513 419 
812 829 539 
605 368 
784 766 
862 477 
12 793 
567 224 606 85 
283 541 
788 523 
865 778 
888 766 
784 529 
541 789 
914 665 793 419 984 
177 489 
145 919 
541 682 
217 829 
183 162 
279 69 130 362 914 
548 368 
155 368 
967 722 
132 145 
598 93 
467 275 
862 906 154 
186 895 265 
630 71 
116 829 
115 31 304 837 789 
217 878 
829 173 
982 657 
494 75 
914 665 347 419 984 
32 593 145 676 694 
825 529 
663 56 862 
632 663 171 
755 710 
778 602 
354 401 
73 682 
775 401 
534 758 295 391 
132 394 
722 937 
854 899 
283 710 
914 597 
217 17 944 711 381 162 
183 38 
177 496 897 
614 368 
201 989 859 
825 605 682 
789 720 
675 682 
641 913 
309 829 
529 52 
93 438 614 
914 937 
692 73 
541 354 
362 778 
285 419 
494 274 
946 687 
523 682 
775 824 
10 130 
742 145 157 28 809 346 274 735 
145 895 
722 744 
294 682 
675 145 
177 93 
561 204 
258 642 
274 368 
48 563 332 531 687 504 
443 487 541 
132 354 
826 368 
763 867 710 
32 368 
411 239 
825 722 
510 809 
923 597 912 
201 701 
217 387 
509 538 
525 844 
450 766 
766 210 
205 798 
569 642 509 
854 163 
494 529 
605 982 
183 203 792 210 58 
72 885 
529 910 
32 541 
854 766 
354 522 
405 35 
177 314 
368 70 
591 676 
145 471 
966 829 
778 720 
177 155 
368 956 
735 338 
32 183 
419 661 
145 871 
903 147 778 657 229 101 
132 826 
115 843 304 837 789 
722 782 
381 210 
960 529 
217 793 
39 895 
678 766 
888 722 
763 268 
177 766 
560 177 911 894 653 
217 798 
675 122 535 390 343 161 
676 682 
548 71 
120 419 
684 798 
956 970 
674 217 
12 663 401 
39 682 
145 600 885 354 487 422 
775 438 
91 100 
692 854 
826 661 
526 597 
692 349 
809 239 
419 895 
335 509 937 884 
638 354 
494 885 
354 597 
960 895 
937 438 
528 897 
775 538 
610 800 
775 706 171 
246 
740 665 45 419 565 
57 814 614 658 
401 368 
129 145 
214 829 
829 970 
145 782 
217 789 
320 620 798 
115 31 304 789 798 
649 716 80 577 860 
354 390 
593 368 
890 25 782 581 898 190 163 
733 516 998 523 
883 694 
921 766 
561 193 
438 193 
31 343 
632 778 
368 673 
336 224 606 85 
684 168 766 
296 649 234 829 355 
548 766 477 
966 529 
722 368 
209 563 321 839 
883 846 29 597 
522 538 
775 629 553 
120 628 
541 722 
554 44 48 
825 164 630 
684 334 
151 368 
738 39 
336 844 224 143 567 
154 956 
120 897 
39 71 
829 798 
574 362 709 387 
598 39 
177 829 
10 489 
548 766 332 
642 937 408 
72 368 
217 895 
775 632 171 
829 538 
710 682 
217 766 
494 276 
775 910 
12 945 
789 509 
803 544 480 
205 85 
308 885 
579 966 581 
692 470 
205 937 
283 354 
164 494 225 139 782 
970 546 918 408 
606 862 
590 32 188 598 
279 224 606 143 
829 413 
548 73 
829 391 295 73 
692 919 
318 193 
120 57 
716 373 4 
766 419 
966 205 
571 679 401 897 
354 239 
98 530 73 368 387 
722 583 
487 185 
775 918 799 
797 183 204 
829 112 
290 368 
630 175 834 6 
899 906 154 
931 45 937 884 
760 597 912 
854 975 606 419 7 
692 12 
693 967 
932 733 342 
32 411 
829 614 
825 883 
354 829 
159 217 633 145 332 
692 21 
829 517 
450 494 
32 919 
561 899 
55 103 722 682 
268 265 
401 78 
744 368 
638 829 
177 114 
419 350 
623 593 893 949 32 720 494 
676 614 
217 279 
692 114 
886 413 
69 39 
684 205 
419 413 
217 48 
354 782 
775 193 
39 350 970 
809 694 
722 347 577 402 804 
93 789 97 
120 593 862 895 
961 603 73 510 684 936 
944 694 
775 789 
722 853 
217 54 
684 571 
145 538 
427 673 
675 529 855 530 
784 177 604 947 
878 126 48 361 
354 789 
212 906 
217 75 
489 368 
98 489 
684 827 275 
686 41 
494 571 
548 529 
217 598 
785 236 
177 140 
239 368 
641 494 175 723 614 
674 814 966 224 196 
157 368 
743 745 782 480 
825 614 
854 54 966 210 
131 501 242 
296 239 
177 548 
632 663 629 
623 722 
684 782 
758 295 829 391 
39 888 
928 114 39 844 230 
529 523 
900 788 110 
722 6 
901 735 792 
227 132 580 
460 413 
140 456 354 111 110 510 
829 871 
252 913 912 
766 913 
477 500 40 361 
966 937 
766 789 
346 368 
579 778 
385 338 
470 362 
775 318 
448 887 674 32 540 239 914 
775 706 553 
346 712 
854 782 
529 516 
460 140 
487 274 
32 569 
692 749 893 991 
833 682 
494 758 
541 829 
354 581 
722 413 
684 693 
692 675 
752 12 
914 175 
579 368 
58 183 203 792 961 
674 208 573 
778 859 
883 710 
438 78 
12 789 
177 581 
893 862 41 
923 778 
632 523 
593 722 
177 413 
676 6 475 
450 69 980 
722 112 
72 157 
605 984 
982 54 71 
888 789 
470 460 
460 956 
406 597 
694 104 
494 183 
405 529 953 
38 480 
862 411 
824 368 
687 44 910 798 
763 886 
438 871 
674 638 953 405 438 
392 438 
31 205 
117 911 480 
663 368 
145 844 
279 336 606 567 
684 145 
829 694 
494 775 
692 914 
529 509 
322 694 897 
628 789 
201 274 490 631 
116 154 354 722 95 517 
775 706 629 
55 57 
735 385 21 
883 80 
775 145 
46 684 
920 45 937 884 
766 73 
571 829 
825 914 191 339 276 
797 622 690 280 95 419 682 
854 390 395 
407 694 
183 489 
720 682 
144 439 900 66 523 
684 69 
752 857 175 71 165 922 529 
354 744 
548 844 694 
825 12 
529 918 
472 947 
419 509 
888 529 
766 509 
606 336 85 143 567 
883 229 
827 403 275 
236 789 
640 675 
145 720 
722 694 
775 310 163 
795 419 
758 937 
54 766 
362 661 
362 480 
88 603 682 
529 242 
32 362 
598 438 
39 919 
706 368 
68 45 817 
183 175 239 
322 140 651 
33 883 740 573 177 
487 217 510 394 
183 831 766 
296 354 
890 437 509 
126 682 
283 966 
328 906 
266 401 
12 682 
177 789 
280 395 23 
279 143 85 
780 735 766 631 
752 766 
227 548 
766 362 
766 744 
204 368 
296 234 355 712 
991 982 598 671 240 171 
788 529 
692 797 966 746 67 
177 854 
487 285 
335 529 
692 145 
692 71 
692 682 
58 203 792 210 961 
766 516 
411 720 
234 355 829 712 
645 193 
605 32 275 710 
819 765 70 684 
676 766 
120 825 
706 663 553 
614 682 
897 32 676 460 608 298 
829 895 
115 782 
180 256 
129 960 
259 362 43 
385 210 
419 992 
606 28 
775 829 
641 697 
31 798 304 789 387 
560 217 
217 354 
738 766 
949 675 766 83 167 427 
966 798 617 624 
82 228 
684 793 
844 967 
890 151 504 432 830 
854 496 529 
69 161 
8 467 911 684 
438 140 409 
354 793 
72 480 
8 919 843 663 
843 332 
964 674 462 289 946 541 227 171 
888 438 
675 844 
844 362 
308 145 
824 684 
890 571 859 702 956 88 255 
115 438 
132 196 
496 145 626 290 
829 460 
419 517 
453 937 45 884 
758 419 
883 614 
362 529 
32 12 
758 766 
684 887 
102 
890 421 332 58 651 
132 722 
164 494 139 213 782 
494 581 
54 239 
900 110 387 
561 346 888 217 
638 766 
279 346 336 606 
606 778 614 
684 173 
197 878 
692 860 417 329 368 
381 529 
580 682 
956 682 
758 620 
883 112 
183 198 
540 701 
115 368 
919 207 126 
758 354 
279 346 606 567 
86 
177 470 
72 460 
177 460 
21 368 
982 460 
692 151 
142 594 
530 198 673 
763 17 956 
115 605 27 
214 766 956 
8 858 
676 314 
775 489 
177 90 828 613 
450 606 
561 197 
684 937 
145 266 
795 354 
296 760 21 
115 166 73 984 
129 809 
378 618 766 895 
24 915 38 387 
618 918 
844 606 143 85 
158 843 
470 265 
706 145 
829 913 
738 368 
115 845 844 744 635 
529 192 
279 618 
151 620 322 275 343 803 
128 529 
145 4 
472 419 
678 368 
766 829 
854 871 
829 419 
722 895 
236 766 
494 653 
829 522 
966 766 
217 653 
810 349 
751 78 205 21 163 
33 740 274 573 177 
775 862 663 694 
758 471 242 
899 600 855 
120 722 
280 766 
32 21 
120 964 
684 694 
998 368 
12 529 
494 390 
354 285 
494 489 
296 825 362 598 
32 529 
692 888 
419 163 
263 769 550 456 886 
381 603 350 
494 871 
25 368 
738 54 
55 54 
275 673 
883 27 982 440 893 647 494 517 
181 998 
829 387 
789 71 
25 38 
471 766 
829 449 471 960 110 
640 658 720 947 
259 70 
982 275 
140 539 
93 38 829 805 
411 368 
177 617 
947 509 
944 368 
694 720 
899 862 154 
120 470 
874 529 
722 798 520 918 192 
381 795 
31 5 161 805 125 
429 854 
692 378 449 839 68 
224 368 
318 645 
494 886 
705 819 
419 368 
100 142 
203 732 529 204 
381 777 419 401 460 
640 218 
381 812 844 154 
494 283 
758 769 
694 763 941 645 334 538 
944 314 
692 548 
829 192 
843 31 798 304 387 
120 210 
684 39 
487 638 888 935 192 
623 100 
785 682 
391 940 
368 52 
217 885 
27 368 
825 997 845 
510 175 
797 722 
914 38 558 
280 112 
489 720 
381 57 361 
494 722 
661 112 
39 798 
8 885 
722 793 
494 8 
769 39 145 419 
177 797 992 
825 692 845 315 
684 93 
205 71 
766 229 
947 778 
992 335 639 331 720 509 
525 916 
833 328 895 70 
73 208 346 432 
561 998 
569 611 509 
450 529 
914 471 
827 686 
947 183 
919 956 
39 581 
789 956 
762 752 838 362 631 
722 581 
766 722 
854 684 
295 509 
548 814 926 170 
183 978 
274 21 
554 258 303 998 96 
846 706 71 
722 522 
381 229 
487 631 
583 480 
8 283 
217 871 
44 663 48 
419 424 480 
684 871 
579 155 571 419 
72 419 
982 820 
82 982 
362 350 
685 867 
354 859 
674 956 
641 895 
797 401 
75 460 
145 829 
487 860 826 577 
487 529 
789 489 
477 489 
8 419 
368 185 
952 529 
687 597 
829 696 789 210 
829 438 
944 350 
12 285 
177 561 820 
920 931 453 937 
362 937 
236 419 
684 541 
486 75 185 
494 778 
227 12 722 390 
0 53 368 
69 12 
911 529 
217 998 
606 897 336 385 685 738 422 
279 346 606 143 
379 738 438 
947 419 
825 766 
663 720 
71 368 
526 829 
4 112 
704 529 
12 760 923 401 
812 529 
810 692 
883 162 
151 785 93 35 
940 480 
470 529 
883 460 
800 239 
201 450 
280 758 663 529 
989 45 673 378 534 116 
886 368 
638 947 
840 120 438 509 513 483 97 
742 206 
32 354 
775 242 212 558 361 
368 361 
494 12 
529 239 
883 8 
26 755 
21 239 
205 239 
378 888 
298 956 
694 480 
982 760 228 
515 689 
797 829 
177 795 
419 918 
642 937 509 
494 829 
623 617 
217 675 
205 789 
775 629 663 
763 837 
805 70 
752 914 
829 597 
606 32 72 350 93 937 
334 368 
285 937 
766 52 
684 844 
522 682 
205 438 
623 96 
792 720 589 
354 720 
129 140 651 
830 940 346 527 803 435 682 
175 937 
819 470 
57 805 
32 438 
684 558 
843 126 
120 48 
529 522 
529 413 
310 529 
483 276 
120 775 
766 460 
525 541 
561 5 
217 914 
789 350 
214 624 354 187 423 548 
334 895 204 703 
797 690 838 280 95 419 682 
279 478 766 71 853 
623 794 125 
25 52 730 
795 311 812 229 
471 305 368 275 
623 690 125 
598 862 
883 774 682 
528 427 
526 453 
692 825 997 484 315 
638 55 
12 867 
93 362 
674 205 
950 682 
529 477 
529 6 
73 529 
447 140 
419 789 
368 574 
883 39 
335 620 
354 766 
947 39 
766 168 332 
722 140 
277 538 
744 529 
8 354 
283 789 
692 758 
829 937 
923 614 
346 750 214 324 170 
354 460 
775 632 553 
825 32 
631 707 
132 789 
227 132 795 
177 571 
414 914 513 795 
494 140 
830 142 940 346 527 435 682 
966 778 172 
510 28 
183 956 
914 489 
436 272 628 168 154 
862 489 
460 682 
460 71 
561 205 
684 480 
684 661 
663 140 
684 687 
648 460 
795 39 
392 779 
606 766 
296 675 460 
606 171 
429 782 
115 845 844 744 517 
862 798 
12 923 663 
883 775 
177 956 
100 919 
236 477 
415 676 913 6 
844 744 635 517 
276 286 
960 157 719 470 810 659 
217 390 
39 862 
795 112 
529 871 
419 140 
115 258 
280 54 
177 401 
196 829 
177 648 579 745 934 
716 706 188 804 
394 981 992 
130 368 
373 71 
793 401 
443 100 349 
593 205 306 
217 966 
487 937 
706 992 
561 112 
8 368 
775 56 862 694 
120 217 
939 205 
111 249 653 
295 758 534 829 
362 583 
561 259 161 299 
100 661 
605 561 346 888 477 
217 196 
536 319 914 
634 368 
181 489 
57 652 
692 793 
793 789 
279 581 
766 35 368 350 
438 597 
510 51 918 368 
812 215 35 
346 224 606 567 
145 438 
217 577 805 522 
296 355 829 712 
536 476 914 
598 720 
883 75 
236 529 
858 161 925 
73 162 
177 888 
336 346 224 143 567 
217 676 
69 72 
752 970 
649 234 355 712 
236 722 
144 439 815 66 523 
120 181 
795 678 
684 12 
684 895 
510 722 
797 826 
509 682 
120 598 
57 829 
12 538 
90 766 
944 766 266 523 
893 778 
183 438 
54 944 998 1 183 283 
120 162 
966 419 
692 622 325 368 736 
623 571 795 853 
68 117 817 
766 583 
183 529 
75 368 
57 2 577 851 
758 866 895 400 
132 318 298 849 
825 684 
354 919 
328 789 
381 766 
120 177 
825 217 
758 829 480 
207 477 126 
177 966 
775 217 
525 858 925 
859 140 
145 778 
914 529 
766 653 
862 529 
919 538 
789 349 
766 617 
775 937 
438 170 
529 558 
810 903 
177 438 
684 706 
32 471 
120 597 
931 541 937 884 
470 12 
381 236 
684 509 
638 529 
674 438 720 
694 368 
469 48 52 
844 6 
205 210 
217 597 
177 538 
939 597 
449 795 
766 529 
534 529 
809 895 
429 94 112 
825 937 
524 25 231 
722 538 
633 116 
494 738 
295 480 
177 373 
494 354 
982 151 
296 649 355 712 
217 509 
649 529 
467 583 
354 471 
780 895 
920 541 931 453 
328 862 
738 381 
833 561 
494 640 
177 782 
419 614 
797 145 
510 966 
32 829 
205 140 
844 606 143 567 
704 884 
918 956 
326 676 130 634 
120 887 
684 140 
239 867 
844 529 
120 561 
797 554 718 81 659 
73 449 310 274 118 
825 460 
843 837 31 798 115 387 
762 54 859 85 
763 38 
568 798 805 162 112 
279 346 844 606 
160 430 
183 368 
684 631 
183 900 
692 591 742 522 368 
824 687 
283 614 
183 980 909 676 78 
73 208 432 8 
785 217 891 
120 720 
460 885 
175 368 
914 347 793 419 984 
205 460 368 538 
155 413 
55 572 766 264 
450 581 
569 642 408 
373 350 
766 387 
738 217 529 594 
32 660 
494 71 
797 622 838 280 95 419 682 
883 73 
809 440 
766 522 
120 541 
93 204 
373 529 
623 794 701 
157 581 
177 862 
177 914 
75 829 140 
874 368 
634 837 783 299 942 276 413 
829 661 
450 883 
693 844 
598 419 
283 12 
90 684 
381 224 
467 505 36 682 
638 93 
217 6 
722 520 948 720 918 
966 790 608 540 438 139 526 
687 782 
336 224 606 143 567 
919 720 
529 350 
115 798 304 789 387 
883 631 
593 878 571 43 160 162 
906 856 490 
825 876 879 
684 477 290 141 
295 844 
966 538 
12 766 
236 354 
129 763 
151 569 334 470 127 494 161 427 
10 711 192 
937 798 
438 500 
883 598 
684 998 
883 72 
606 336 85 844 
947 71 
914 510 
217 720 
443 541 349 
71 614 
217 795 
722 520 918 948 798 
829 43 
692 362 
722 489 
145 696 624 762 390 279 96 
115 58 
177 895 
899 529 
279 548 634 489 
229 182 417 650 529 276 
55 217 
895 798 
946 364 699 
825 829 
12 354 
692 541 
39 886 
684 888 
914 687 
196 112 
120 214 266 
224 606 143 85 
919 207 658 
684 829 368 
32 217 
205 419 
411 126 220 
899 328 
183 919 
280 368 
632 629 553 
419 710 
145 339 
914 682 
914 275 
93 722 
692 70 
903 944 460 477 
982 945 
684 279 
510 886 
239 705 627 521 28 
630 888 401 413 484 682 
561 147 
623 690 701 
114 321 196 691 387 
285 368 
55 268 
354 614 
883 71 
357 460 
640 944 190 
938 529 
39 438 
692 183 
529 35 736 
438 538 
130 529 
72 161 
638 217 
322 129 766 
692 510 
883 769 896 
348 413 
692 937 
438 798 
168 349 
468 682 
120 381 
857 793 21 413 
775 12 
336 279 224 606 
274 239 
427 992 
785 6 
1 32 
684 548 332 
606 224 85 844 
450 507 6 
69 368 
830 142 940 346 527 803 435 
88 603 350 
594 112 614 499 720 387 511 285 
494 919 
472 494 
529 581 
792 489 
55 914 618 
947 276 
883 45 896 
774 578 905 598 280 167 
443 487 349 
749 423 521 823 
120 914 766 
62 
887 448 780 878 538 
346 844 606 85 
285 377 
151 738 548 835 332 
510 48 
844 368 
789 614 
829 984 
32 862 
217 25 
391 829 480 
510 766 
55 368 
826 829 
809 368 
692 32 
561 862 
296 829 368 
541 793 41 
296 70 
923 401 912 
368 78 
966 895 
279 224 606 844 
487 100 349 
649 355 829 712 
832 140 983 270 258 804 
32 489 
561 158 
778 972 736 
348 984 
827 222 
766 886 
100 541 349 
32 206 
181 798 
632 663 553 
854 362 
120 998 
829 489 
8 690 911 684 
115 843 31 304 387 
722 276 
304 529 1 112 800 514 
569 844 419 
674 854 759 712 
32 744 516 
32 742 
775 316 
388 945 500 
69 285 871 
275 984 
676 73 
296 937 
75 419 
569 381 
573 811 809 829 548 
100 829 
334 168 477 
381 427 
775 645 
862 460 
692 752 964 
477 736 
392 766 
914 798 
526 118 492 
381 283 
348 72 
177 709 310 600 970 
948 682 
392 368 
470 285 
145 956 
686 222 
914 722 
494 225 139 782 213 
966 682 
234 631 
279 298 
8 390 
354 606 
995 795 534 470 
334 529 
8 937 
829 332 
280 684 
684 285 
378 618 3 895 
844 398 
684 398 
392 181 807 
567 844 606 85 
663 597 401 
346 529 
349 71 
845 744 635 517 
854 937 
766 874 168 885 
279 766 956 
120 8 
825 368 
120 938 
280 144 691 805 265 
766 349 
801 720 
720 736 
919 992 
510 529 
814 438 
684 489 
494 51 387 
526 780 
261 585 
722 70 
494 631 541 963 
39 956 
177 981 490 
598 368 
795 790 
283 362 
883 355 249 905 
145 886 
236 820 
39 145 674 489 475 649 283 
541 438 
21 956 
829 675 461 185 
354 653 
782 368 
763 145 
486 26 466 326 
944 140 
914 346 
392 829 
914 71 
860 513 919 518 
966 145 
471 460 
75 937 
483 193 
692 168 
567 224 606 844 
217 918 
684 923 385 460 
548 419 
947 354 
795 51 918 368 
692 763 116 280 128 176 
663 597 912 
398 967 
706 919 
51 140 
419 21 
428 585 94 509 
471 722 
69 187 720 
810 722 795 469 327 
258 75 
279 346 143 567 
120 623 70 
631 401 581 758 229 509 
692 632 468 450 277 825 913 
470 145 
630 596 789 809 919 649 173 
923 663 912 
919 766 
523 998 905 
793 665 28 984 400 419 
197 967 
722 798 520 948 192 
832 440 766 
460 918 
183 203 792 210 961 
283 722 
729 
732 480 
982 814 
217 180 205 891 
529 682 
766 798 
883 708 853 978 262 352 294 
829 778 
663 438 
632 171 553 
368 242 
32 285 947 
914 401 
722 21 
196 673 
831 895 97 
676 118 
32 419 
472 311 
69 529 
349 368 
346 224 606 85 
283 793 
561 687 368 
704 825 39 
289 591 206 162 480 
210 368 
692 381 
234 494 368 682 
217 919 
484 411 
692 862 
377 368 
494 217 
692 216 789 998 387 485 798 409 
486 138 307 
151 722 
687 538 
813 529 
759 350 274 192 
128 32 
832 143 28 5 511 283 
843 837 31 789 798 387 
296 883 
526 314 
362 538 
738 571 
494 285 
966 888 
227 795 580 
494 944 862 815 105 
494 771 
692 419 
366 217 
591 73 
883 653 
161 529 
217 746 
4 661 
663 51 723 631 998 
348 912 
780 937 
774 670 558 
10 493 
684 529 
662 
752 682 
72 897 
641 798 
494 793 
368 765 
618 563 673 
378 3 895 507 
944 956 
381 88 603 
368 949 
58 368 
825 145 
120 368 
171 707 745 48 419 
430 755 
164 494 225 139 213 
684 403 275 
529 661 
75 522 
346 39 
31 362 
126 477 658 
335 722 
54 722 
846 906 862 778 407 392 527 684 283 
336 224 606 143 844 
914 236 
752 829 
937 460 
829 274 
937 789 
738 145 
354 960 
569 529 
844 789 
132 28 349 661 
614 522 
684 470 
471 937 
692 947 
120 283 
198 239 
692 129 689 
294 207 
279 224 567 
998 193 
198 196 498 252 529 913 
752 217 
536 145 914 
12 919 
494 31 
214 71 
12 923 912 
71 736 
529 617 
844 509 
766 686 326 943 343 
276 489 
749 800 
883 350 
487 419 
471 673 
37 577 
56 663 694 
115 843 304 789 798 
964 857 937 954 
914 438 
346 224 606 143 844 
438 885 
183 862 
895 40 
862 906 789 
578 438 
283 829 
927 
966 354 470 544 
177 32 
453 541 931 45 937 
883 684 
120 40 
43 565 617 522 859 
829 427 
32 140 
561 684 
829 21 
967 673 
947 722 
568 598 57 694 444 
775 54 
494 39 
882 259 937 956 
229 368 
362 789 
763 830 
401 913 
201 487 
526 41 
8 944 
833 744 489 
684 276 
571 236 
33 883 740 274 177 
854 32 
177 720 
947 538 
151 829 
164 494 225 213 782 
115 843 304 789 387 
766 820 351 477 
460 871 
592 
436 611 161 290 686 
130 71 
177 937 
663 377 48 
57 93 
964 507 533 789 
947 919 
75 275 112 
460 671 
173 73 
217 844 
54 571 
257 
814 844 37 736 
766 970 
145 38 
722 520 948 720 798 
561 354 
145 722 
832 414 857 511 350 
722 520 918 948 192 
201 640 
72 581 
487 350 
487 541 349 
919 368 
406 438 
295 758 73 
217 892 27 
937 413 
82 598 922 38 992 
684 686 275 
766 204 
205 896 207 950 461 75 403 829 285 529 
674 494 
283 538 
424 574 
4 430 
378 3 766 895 
54 829 
177 572 175 145 
68 774 
809 362 
752 722 
947 460 
982 914 
373 368 
883 895 
833 328 4 
510 795 218 368 918 
534 347 178 
585 843 948 193 136 925 
346 336 606 143 844 
606 529 
825 44 879 
578 401 
684 758 
579 12 15 632 550 460 795 
510 460 
825 419 
899 368 
692 569 
883 746 
883 956 
692 460 
381 897 
640 540 
561 789 
526 529 
334 419 
684 354 
57 722 
114 918 368 510 
170 162 401 460 
742 839 580 17 
775 687 
362 394 
829 653 
883 948 
526 73 
883 346 
774 558 17 346 388 161 
32 888 
775 722 
888 720 
529 885 
368 192 
548 722 
32 944 
381 634 
177 494 
888 937 
682 112 
923 663 597 
631 354 
722 661 
692 526 
205 722 
225 722 948 
150 906 204 852 236 826 
381 12 597 48 
611 204 
381 682 
129 738 
684 614 
529 480 
606 722 
201 778 
918 815 
899 39 
829 722 
487 490 
217 538 
300 442 
947 470 
763 829 
947 956 
801 405 
177 891 180 205 
31 793 
788 368 
279 567 85 
308 309 665 661 114 368 658 682 
120 346 
460 895 
460 21 
217 471 
217 614 
684 222 
419 782 
883 999 896 
120 617 
692 39 
682 538 
403 937 
12 438 
692 722 
313 692 390 829 
928 129 477 
569 895 
832 775 970 520 239 278 822 72 
888 362 
674 71 
234 18 336 242 
598 460 
69 522 
628 720 
217 12 
693 687 215 
524 573 922 364 
177 874 
569 574 194 
774 593 469 661 52 653 918 
1 194 442 
217 175 
120 529 
735 210 
623 510 
883 548 
598 789 
183 548 
116 778 
675 886 90 170 
800 140 
569 694 
120 229 
45 239 71 175 224 910 
780 529 
883 362 
598 937 
947 684 
295 541 145 
419 871 
392 801 862 461 569 
937 782 
32 71 
653 343 
440 362 
830 142 940 346 803 435 682 
197 826 
824 956 
208 346 73 8 
145 461 
829 48 
920 541 453 937 
529 778 
283 529 
540 218 
829 71 
766 385 
354 895 
982 12 
526 735 
236 71 
151 460 
541 419 
494 132 
183 941 
684 349 
177 280 
449 470 948 7 
684 634 
68 373 
782 276 
935 368 
177 217 180 205 
196 722 
345 571 401 
57 268 
554 377 48 
722 617 
58 140 
120 692 
775 522 
261 318 
183 362 
82 511 
151 605 780 110 351 935 
472 368 
120 682 
283 720 
825 789 
563 145 
663 829 
5 352 736 
354 274 
450 944 358 16 
681 100 362 616 838 
722 529 
177 217 785 
938 766 
675 419 
843 682 
911 538 
471 529 
529 567 
183 789 
120 707 
919 529 
610 722 
183 809 
151 886 
788 140 
120 844 
155 72 
760 663 597 
472 440 43 
12 424 
810 19 885 
883 947 
825 522 
561 758 919 914 
883 335 15 494 487 
494 598 
692 140 
548 390 895 231 
336 78 
883 45 999 
280 618 597 932 
966 362 
177 798 
937 600 
296 809 
775 706 663 
947 886 
217 620 
890 266 
797 217 
21 897 
708 886 452 357 5 653 403 
833 843 
326 885 469 948 841 
893 112 
183 937 
937 895 
561 826 
995 722 887 160 653 
100 294 
676 514 
910 368 
183 778 
932 722 
923 38 
788 895 
966 460 
692 438 
606 368 
464 172 538 
769 999 896 
472 966 32 31 818 6 
296 419 
75 722 
120 966 
649 628 104 
521 368 
846 682 
28 530 
784 428 94 401 684 
120 207 
120 460 
334 52 
692 581 
692 354 
70 523 
634 614 
115 516 
315 682 
217 639 
978 757 970 
883 541 
12 782 841 350 
217 132 
507 766 895 
510 634 
217 694 
494 309 
639 529 
392 632 489 
803 766 
203 173 
639 766 
39 633 906 562 132 181 12 
931 541 45 884 
168 682 
177 279 
914 354 
675 540 
368 798 
51 614 
12 522 
279 294 
632 438 
55 108 294 156 
470 789 
177 675 
641 368 
914 895 
829 841 
69 563 362 112 
663 722 
236 368 
494 597 
201 944 
145 897 
484 862 
829 744 
883 722 
947 766 
217 956 
55 684 
883 894 561 944 385 396 
899 862 906 
812 2 577 57 
684 956 
494 844 
569 541 
268 652 
541 489 
296 738 
39 500 
474 41 
844 346 336 143 567 
354 362 
114 795 218 368 510 
507 3 766 
812 100 
198 644 129 922 94 926 78 
675 354 
379 529 
789 782 
995 516 653 220 
193 682 
920 931 541 937 45 
782 597 
775 529 
919 895 
93 766 
120 75 
913 368 
593 956 
177 368 
529 349 
541 97 
612 510 941 538 52 
129 895 
928 598 
693 215 765 
46 844 521 
115 845 844 635 517 
509 949 
561 126 
921 541 
918 377 
122 723 35 718 
793 460 
279 687 
296 766 
738 70 
90 198 940 941 
883 198 853 429 505 910 
829 477 
753 75 800 212 
722 789 
567 224 85 844 
937 401 
801 438 
373 722 
933 259 362 
177 283 
520 722 948 720 192 
406 829 789 210 
605 921 37 
471 480 
8 413 
914 684 
995 795 983 734 368 110 
283 432 
835 611 53 829 651 373 
512 354 
614 651 
825 140 
900 144 815 66 439 
888 829 
54 21 
38 529 
73 948 
183 390 
975 789 834 307 
487 39 
289 591 851 162 206 
470 829 
93 354 
285 722 
419 653 
32 795 
855 39 
899 937 
902 706 
279 368 
177 8 
854 368 
529 597 
923 78 
775 629 171 
489 48 
111 362 
354 788 
217 606 
883 70 
716 529 
830 142 346 527 803 435 682 
1 48 660 
318 413 788 956 
598 538 
921 368 
381 188 
471 663 871 
224 829 
280 571 672 518 
176 113 
944 937 
758 829 940 
205 843 
319 38 588 522 
825 438 
663 166 384 
825 947 
623 294 
346 829 
684 886 
534 391 295 829 
738 597 
217 886 
362 401 
775 766 
37 490 
888 368 
39 440 43 
883 846 467 766 2 226 826 
151 529 
953 529 438 
197 975 
512 529 653 
294 722 
684 373 
12 597 912 
825 280 
561 529 
573 494 707 110 867 
308 580 
612 265 350 
571 597 
722 597 
214 145 695 3 510 419 96 
525 145 
177 285 
893 706 381 116 523 492 
939 460 
629 663 553 
115 843 304 837 387 
346 224 567 844 
888 163 
151 413 
766 140 651 
554 663 48 
384 597 
217 236 
591 744 
888 960 
440 368 
309 620 793 120 90 510 
775 795 
183 351 
308 129 620 125 518 
354 663 
8 460 
788 720 
829 534 73 
447 461 
279 937 
158 682 
684 381 
205 844 766 374 21 
120 919 
606 48 
914 368 
862 368 
217 460 
832 529 
914 538 
775 32 
982 597 
775 39 
8 789 
279 346 336 143 
177 825 
217 758 
183 966 
69 766 
689 97 
494 510 
117 887 
914 614 
766 918 
227 368 
914 283 
766 175 960 910 597 
775 578 
800 368 
177 12 
414 536 460 183 
336 224 85 143 567 
548 168 332 
467 145 
883 354 
548 477 332 
964 982 54 
758 534 829 391 
674 132 
966 229 
183 205 
494 795 
722 956 
797 447 460 859 85 529 78 
947 864 774 
854 789 
177 676 
27 362 
622 522 301 489 930 362 118 
775 947 
883 413 
140 368 
529 956 
809 480 
561 214 
569 521 
8 140 
825 914 339 276 90 
529 489 
470 888 
760 12 912 
676 792 52 
177 39 
494 460 
177 346 
829 51 634 204 
979 
354 6 
684 653 
390 460 
775 663 553 
196 967 
283 956 
744 600 
937 597 
947 438 
