73 505 548 569 641 718 732 
2 19 75 226 308 314 467 487 548 718 766 775 810 826 846 883 
70 128 310 448 529 557 641 645 649 684 765 819 
93 197 381 460 522 597 878 
197 411 572 579 842 975 
164 213 236 440 448 540 617 766 809 832 
132 163 239 310 331 335 509 639 720 775 804 919 992 
32 72 93 177 600 606 709 757 937 970 
45 453 541 884 920 931 937 
175 403 832 834 975 
72 115 541 710 763 867 946 
1 66 314 470 523 823 874 884 980 
16 44 151 201 266 358 450 825 879 944 988 
14 39 128 136 160 196 321 354 510 639 653 851 887 966 
70 72 96 139 183 239 310 322 525 533 541 594 605 642 694 790 804 897 916 919 947 
27 47 156 322 329 403 419 765 775 952 
342 351 539 678 733 760 812 829 886 932 
105 177 205 308 394 415 424 477 510 946 
58 258 270 332 421 651 804 832 890 983 
162 170 401 460 857 937 954 964 
7 217 276 290 311 358 419 493 606 838 854 975 
126 234 280 398 458 561 597 618 639 730 789 828 932 
17 72 132 239 275 278 520 571 688 822 832 970 
45 108 155 378 385 443 601 693 888 
10 120 217 256 345 394 401 487 500 510 571 740 829 871 874 888 
177 411 496 529 598 626 744 782 820 858 869 897 952 
147 151 899 938 
96 145 279 390 624 696 762 
75 205 207 285 403 461 529 829 896 950 
517 578 583 638 651 736 738 799 
52 469 593 653 661 774 918 
32 112 275 285 387 422 449 499 511 521 594 605 614 710 720 895 914 
115 129 320 516 620 689 692 704 766 798 884 
81 145 290 496 527 554 626 659 718 797 
51 155 419 500 571 598 663 723 871 874 888 998 
12 39 132 181 562 633 906 933 
41 90 198 256 377 474 526 597 940 941 
71 116 125 192 201 218 272 300 496 540 653 675 701 
111 151 217 266 988 
8 234 296 355 677 712 744 829 867 868 
120 124 205 275 305 368 471 581 834 
25 52 516 766 
120 720 766 914 938 964 
17 141 229 275 401 489 509 540 581 631 682 758 966 
236 419 423 516 682 703 744 800 846 937 
11 142 355 362 470 598 739 793 825 883 946 995 
8 129 239 368 641 684 867 
0 53 80 354 368 489 
27 47 156 242 322 489 538 634 661 775 
28 55 81 108 132 156 170 294 349 554 659 661 718 789 797 829 926 
226 239 592 681 704 884 947 
6 130 274 283 450 469 529 694 813 897 919 
90 177 198 348 429 490 505 613 735 828 843 853 883 888 910 
32 130 274 428 432 439 528 660 858 952 967 
21 161 215 348 413 687 693 765 793 857 984 
120 423 567 593 824 862 895 913 
125 157 161 226 381 427 470 614 659 675 719 810 857 884 960 
44 825 879 
388 401 742 758 789 
27 90 105 170 440 494 517 647 675 815 862 883 886 893 944 
39 41 116 145 208 283 475 489 541 590 606 649 674 
209 285 321 500 563 567 839 871 874 888 
140 258 270 362 684 707 722 804 832 867 943 983 
226 229 401 631 758 857 
368 413 780 895 937 
90 191 276 339 354 417 426 521 569 666 672 825 914 918 958 
140 145 368 381 414 686 829 935 973 
561 758 914 919 
400 758 866 895 
12 43 70 176 192 227 390 513 722 835 935 
242 279 335 392 440 489 617 687 690 764 766 944 
140 319 605 677 744 760 769 868 886 
401 517 536 742 758 763 789 803 829 
96 145 279 390 624 696 762 
125 130 169 321 348 401 509 631 672 698 758 912 935 
75 276 277 325 368 522 591 595 692 775 914 
160 348 653 722 887 912 995 
151 167 266 278 368 413 937 949 
32 494 593 623 720 893 949 
326 343 686 766 943 
12 140 227 258 270 390 804 832 983 
4 210 430 696 755 789 829 830 859 
29 93 423 427 438 521 597 614 707 749 823 846 867 883 967 984 
94 350 401 411 428 572 579 623 626 784 795 803 842 853 857 919 937 954 964 
31 122 437 460 494 509 541 548 595 631 682 721 885 890 963 
110 160 183 419 430 478 798 826 
75 355 384 438 561 684 
132 227 280 529 580 663 704 758 795 797 884 
308 438 448 598 658 758 763 780 878 885 887 892 928 
57 145 368 494 658 682 937 
66 85 110 151 351 489 541 605 675 744 780 886 935 967 
132 296 368 423 521 749 823 826 829 919 
72 111 210 349 354 448 557 641 778 
95 181 205 295 296 306 368 593 758 829 
75 78 147 185 401 486 538 571 634 897 
145 182 229 276 290 417 427 496 529 626 650 
1 66 314 523 823 874 980 
18 300 371 401 442 554 886 918 
8 54 71 120 449 758 829 867 964 982 
0 25 161 268 368 401 573 578 580 913 
27 240 362 890 
21 57 78 163 205 450 751 937 
10 104 346 385 628 649 706 712 766 
2 226 467 766 775 799 826 829 846 883 
10 493 793 956 
72 96 183 354 533 534 541 594 642 795 995 
10 37 130 283 362 368 375 385 392 460 658 676 721 731 789 790 885 914 
57 450 937 
210 385 398 406 684 693 789 829 844 967 
388 419 484 918 
120 124 205 581 593 834 862 895 
185 239 279 326 343 486 489 548 634 686 720 766 901 943 
11 43 131 470 534 574 655 672 793 842 854 935 952 956 995 
8 39 48 171 419 704 707 745 825 
90 198 368 381 940 941 947 
308 314 487 548 718 775 
93 151 513 518 529 538 614 692 694 709 860 874 919 921 932 
236 368 413 682 798 862 943 
17 43 259 348 362 580 742 839 912 933 
52 147 201 342 509 540 733 932 983 
10 116 381 492 521 523 632 706 777 778 843 865 883 893 914 
73 145 277 510 603 684 686 793 914 936 961 973 984 
51 225 385 387 460 494 576 684 722 923 948 
28 136 193 400 419 585 665 793 843 925 948 984 
8 44 70 90 239 276 468 489 614 677 744 833 868 879 960 
55 103 332 381 400 598 614 682 722 758 866 895 
177 325 368 593 604 622 692 736 784 947 
38 71 252 283 319 522 526 588 
25 52 75 129 335 509 689 692 730 849 884 937 964 
7 470 598 819 948 
329 370 403 419 765 797 923 932 947 977 
93 268 307 350 450 578 608 641 797 809 913 952 956 966 991 
362 684 707 722 867 943 
5 71 111 187 205 227 326 390 438 561 629 841 899 
12 31 120 125 132 143 381 417 638 789 829 885 895 934 
73 115 166 605 682 825 984 
140 234 336 411 447 461 470 523 534 788 795 885 995 
6 32 120 170 214 324 346 472 593 750 862 895 928 
1 54 183 283 684 844 944 967 998 
45 68 117 130 177 178 268 574 713 759 817 820 919 
93 214 275 320 354 368 438 471 504 569 614 766 921 956 
72 100 239 278 520 775 812 822 829 832 970 
192 351 487 638 678 760 888 935 
57 97 147 154 168 272 327 361 381 408 436 628 878 
325 368 510 523 622 692 736 905 966 998 
54 69 100 362 617 910 
39 75 145 185 419 471 486 663 769 871 
429 489 538 661 853 910 933 
17 52 326 469 510 580 612 742 841 885 941 948 
93 203 204 529 732 
39 120 207 294 349 392 464 512 634 704 825 
10 66 85 203 366 381 427 675 688 886 897 967 983 
75 205 207 217 285 403 461 529 800 829 896 950 
33 75 158 217 283 346 515 522 583 617 999 
419 448 538 597 641 675 780 855 878 887 
12 48 597 720 805 
571 623 795 853 
40 350 361 411 419 477 500 572 579 803 842 
12 57 73 145 227 368 390 494 510 603 658 682 684 722 936 937 961 
44 54 69 75 100 205 207 285 362 403 461 529 617 825 829 879 896 910 950 
249 362 392 460 525 540 565 606 658 862 
217 229 346 401 509 561 581 631 758 888 
48 95 126 229 280 311 361 419 622 682 797 812 838 878 
90 177 468 613 828 960 
5 160 357 403 452 581 611 653 708 886 
31 125 143 381 417 934 
414 513 795 914 
362 392 460 467 658 673 
86 494 640 683 964 
110 151 279 351 581 605 780 935 
22 39 69 73 118 274 310 319 449 470 505 540 616 706 746 963 
105 132 183 204 332 362 469 991 
27 62 94 165 177 401 428 611 684 784 
68 154 157 328 470 719 774 789 810 862 864 899 906 947 960 
46 100 120 362 616 661 681 720 780 838 887 
348 438 470 480 548 682 732 803 912 988 
25 52 730 
132 161 471 697 719 981 982 
177 192 197 392 461 487 569 638 797 801 886 888 935 992 
17 448 493 538 742 780 839 878 887 
26 100 172 384 561 576 598 
17 207 285 327 377 469 541 561 722 758 795 810 914 919 950 
28 75 186 212 265 400 419 665 753 793 800 895 984 
57 105 361 381 494 815 862 944 
43 120 160 162 214 242 266 357 529 571 593 851 878 937 
173 204 358 596 630 649 738 763 809 830 
17 40 170 763 784 
39 151 381 408 470 704 825 970 
157 217 290 419 470 659 719 810 960 
205 460 883 
385 396 561 682 846 883 894 937 944 
115 517 544 635 740 744 844 845 914 
159 214 354 504 576 771 886 952 956 
212 540 682 906 946 
39 115 176 296 326 335 509 704 825 884 937 
143 256 304 378 460 481 487 510 561 704 884 912 919 932 978 
4 114 308 309 368 658 661 665 682 710 716 
54 85 155 178 268 419 579 762 859 919 
8 194 569 574 883 
8 126 185 319 486 499 639 663 765 843 919 
298 318 
5 132 227 352 489 580 736 795 
283 392 407 527 684 778 846 862 906 
132 145 185 300 354 422 442 487 600 885 
236 396 470 548 617 793 814 829 900 956 988 
101 147 192 229 422 657 704 714 778 884 903 935 
115 489 517 635 720 744 805 844 845 926 
325 368 606 622 692 774 883 
39 368 470 576 
175 229 338 387 429 494 641 715 766 782 844 
97 460 477 571 623 685 689 795 853 867 903 944 
66 85 571 623 675 795 853 886 967 
17 48 51 132 332 504 531 563 623 687 745 795 826 853 919 
6 204 334 335 347 360 362 381 472 631 703 752 762 826 838 844 895 
45 46 54 199 431 541 600 633 672 769 824 883 886 896 935 992 999 
171 274 450 486 589 606 720 792 
8 27 70 90 239 275 440 494 517 605 647 883 982 984 
174 201 241 274 487 490 631 766 874 885 950 
167 197 217 546 661 878 923 947 949 
27 115 173 203 204 333 523 530 605 766 944 
115 225 237 258 316 722 775 896 948 
6 8 450 507 663 843 919 
27 90 177 569 605 613 801 828 862 
12 300 368 388 397 419 470 484 720 735 794 918 
196 198 208 252 290 458 498 529 888 913 969 
93 329 368 390 395 417 529 598 692 758 782 785 854 860 919 
227 236 388 448 500 522 538 780 878 887 945 
177 310 709 970 
21 48 217 387 413 560 793 857 
112 401 538 571 639 713 766 819 914 949 
17 162 216 217 381 387 409 485 692 711 789 798 944 998 
39 112 285 350 387 499 511 594 614 720 970 
75 325 512 529 595 653 775 
167 280 578 774 905 
183 366 414 513 674 795 914 
70 259 419 450 487 523 576 641 778 797 956 
129 300 368 442 477 487 918 928 
72 111 210 349 354 778 888 
21 117 419 538 610 612 701 722 760 783 
182 276 417 529 581 631 651 964 966 
11 27 177 534 611 793 995 
33 57 158 354 383 460 583 617 661 846 858 
66 144 439 523 815 900 
69 73 285 295 391 480 534 758 829 871 940 
183 329 403 405 419 492 548 571 648 732 765 798 952 
39 368 576 
33 173 177 573 596 630 649 740 789 809 883 919 
140 242 447 461 471 758 897 
8 36 274 401 424 438 925 981 
45 71 175 181 224 239 392 807 910 
7 17 236 419 541 606 854 975 
112 285 387 499 511 594 614 720 
25 52 115 178 496 626 730 775 
12 15 48 112 217 387 450 460 550 561 579 632 758 795 919 
75 145 185 198 290 429 486 496 505 626 663 853 883 910 988 
70 259 523 778 
31 115 304 387 789 798 837 843 
6 204 334 415 443 541 676 703 895 913 983 
73 500 510 603 684 871 874 888 961 
140 368 522 568 591 692 742 785 966 
51 132 189 207 298 419 443 460 529 574 601 608 676 701 722 833 841 883 895 981 
39 145 226 419 500 614 769 857 945 
120 124 205 242 283 329 419 432 471 544 581 758 834 949 
8 75 164 185 242 422 486 489 538 634 661 823 918 
10 73 163 241 406 438 472 597 805 844 854 
38 356 362 480 583 694 809 
227 390 722 
57 93 444 598 694 805 
229 401 509 581 631 758 
349 370 628 634 729 797 947 
140 347 414 829 935 
39 68 116 580 608 832 871 988 
27 419 440 517 647 701 722 798 862 883 893 982 
93 129 168 350 362 381 460 522 597 689 692 
1 112 197 304 342 514 529 663 733 800 843 878 919 932 
75 327 355 438 469 684 722 795 810 
8 26 31 57 69 100 172 194 205 494 746 963 
145 277 467 527 529 738 813 
6 57 335 361 381 471 509 676 678 884 913 937 
57 361 381 388 500 945 
39 82 116 143 185 242 377 510 736 758 788 834 895 970 
21 57 208 290 362 611 918 969 
229 327 361 368 574 714 722 949 967 
27 217 408 509 569 642 892 
70 140 144 332 362 392 460 568 658 763 785 966 
183 197 283 392 569 766 831 862 975 
39 120 145 419 593 769 862 895 
98 394 487 489 510 530 614 
350 411 572 579 631 780 803 842 
17 55 150 156 204 236 294 469 510 763 826 852 906 919 966 
37 379 529 605 631 663 715 723 809 862 899 909 921 998 
1 110 194 442 449 471 829 960 
170 548 814 897 926 952 
73 90 118 170 208 290 310 449 458 675 694 886 888 897 969 
54 192 447 684 765 819 944 998 
494 541 631 798 862 963 
32 120 234 268 285 414 513 631 707 828 914 947 
43 334 538 574 645 694 941 
6 75 349 450 507 634 729 871 874 888 
75 325 368 595 622 692 736 775 
0 173 199 236 423 710 731 744 
443 529 601 809 841 883 
1 32 128 236 424 471 663 914 981 
12 46 55 227 264 390 521 572 722 766 844 
12 114 196 279 321 387 394 424 576 637 691 711 855 
17 168 236 240 523 541 766 788 874 885 956 
100 175 362 597 616 681 704 766 838 884 910 960 
6 32 283 469 475 631 676 720 735 780 919 920 
32 41 125 188 354 470 544 590 598 623 686 690 966 
45 108 155 378 385 583 679 693 
48 171 368 395 419 653 707 745 874 
32 72 93 350 606 937 
22 249 319 355 368 460 505 538 540 616 706 883 905 
27 57 178 240 268 362 401 438 450 890 919 937 
39 350 970 
21 38 57 362 611 918 
55 177 264 496 572 626 766 897 
94 129 280 401 428 597 618 684 766 784 809 895 913 932 960 
55 175 952 984 
236 279 385 684 693 844 967 
4 181 205 373 392 489 597 716 807 939 
75 849 883 937 964 
18 80 401 554 577 649 716 860 886 
57 104 120 210 212 381 405 512 571 648 732 798 
78 259 427 473 493 529 608 775 781 944 992 
68 208 373 422 449 469 573 641 666 674 711 763 830 895 919 
111 129 192 215 487 626 638 687 693 722 765 888 935 
10 120 136 143 388 493 510 523 538 546 568 605 665 878 981 
12 220 227 390 392 405 516 653 779 871 995 
72 183 390 414 460 471 536 663 871 941 
39 113 154 176 484 722 788 918 
112 285 387 499 511 594 614 720 
175 325 368 597 622 692 736 766 910 960 
234 419 424 459 489 574 675 701 797 904 921 
12 39 132 181 562 605 633 778 825 865 906 920 
10 275 305 310 316 345 368 468 471 493 580 630 709 919 970 
8 160 162 283 345 401 593 829 867 
15 70 335 470 487 494 534 684 687 765 775 795 819 824 883 995 
33 217 283 346 419 424 480 515 
110 120 122 224 368 381 593 734 795 862 895 983 995 
71 130 326 336 354 593 634 676 921 989 
640 663 692 749 893 938 991 
21 38 57 362 395 611 854 895 918 
75 276 308 314 468 487 548 718 775 960 
165 175 529 752 857 922 
7 72 120 130 207 294 326 392 427 512 529 634 676 724 
12 205 227 306 390 405 438 593 638 674 722 953 
58 332 398 421 440 568 651 890 953 
54 68 142 177 210 310 477 482 529 593 600 655 709 815 970 
22 319 448 505 538 540 616 706 780 878 887 
32 186 265 414 494 513 593 623 640 658 720 795 893 895 914 947 949 
0 6 32 168 277 450 475 507 523 605 660 682 825 826 950 
129 140 177 280 314 322 530 651 766 825 944 947 
32 105 259 660 815 862 882 937 944 956 
212 296 362 368 419 694 829 919 
12 120 126 132 158 193 214 332 561 638 682 833 843 885 998 
129 175 494 614 641 692 723 857 937 954 964 
22 214 234 276 354 472 489 504 947 956 
12 15 183 204 460 550 579 600 632 744 795 797 
58 181 332 390 392 395 421 651 807 854 890 
41 112 157 178 276 280 347 468 590 597 618 682 738 769 932 
182 229 276 417 529 650 
94 183 401 428 684 784 797 854 899 
32 68 276 325 369 378 449 470 526 692 839 
52 405 438 510 529 538 612 674 720 801 941 953 
23 256 329 395 403 765 829 897 952 
75 130 274 355 407 438 486 572 684 718 820 914 
140 176 217 618 810 947 
102 122 161 343 390 405 535 675 684 750 803 810 851 947 
487 577 826 860 
276 468 789 829 960 
21 78 163 205 510 603 684 751 936 961 
27 58 354 357 480 
186 236 265 285 470 617 705 814 819 895 900 950 
226 280 481 722 809 
384 526 538 561 639 707 937 
43 70 176 227 494 513 835 998 
32 157 470 516 659 719 744 810 960 
161 259 299 561 
25 145 163 190 329 403 419 448 538 581 765 769 780 782 878 887 890 898 952 
132 298 318 534 795 849 995 
39 66 85 170 438 500 575 675 738 886 967 
1 112 304 459 514 529 675 701 800 921 
373 638 639 829 960 
93 203 204 529 732 949 
38 48 71 252 283 361 526 862 878 
45 177 453 541 604 784 884 920 931 937 947 
98 192 354 487 489 628 638 867 888 935 
97 130 326 634 676 789 
31 39 422 512 529 561 653 704 720 825 
12 116 354 401 472 597 617 624 663 760 775 798 912 923 
101 113 147 176 229 326 403 526 657 722 774 778 788 798 903 950 
25 72 73 75 173 185 203 231 268 351 524 545 606 675 749 841 844 891 
35 111 178 236 347 419 423 516 529 534 736 744 797 904 
70 139 310 790 947 
53 373 611 651 829 835 883 
6 32 37 54 72 192 268 351 472 487 545 606 638 749 758 841 888 935 
43 71 210 259 362 489 522 571 617 623 632 795 853 885 937 
73 510 603 684 746 788 936 956 961 
45 46 116 378 521 534 557 673 844 989 
114 177 306 309 591 692 
1 66 314 470 523 823 874 884 980 
10 12 27 115 192 227 390 413 523 605 711 722 733 998 
405 630 883 
14 69 160 296 390 460 527 653 675 722 803 860 887 921 928 
205 306 471 575 593 673 
44 392 459 489 632 675 825 921 
70 90 170 217 242 279 392 489 675 684 764 765 819 886 
152 217 339 394 487 510 514 766 812 914 928 937 982 
75 240 262 470 597 718 732 862 
15 125 130 145 175 177 229 283 381 557 572 698 738 766 798 839 862 966 
32 96 145 206 279 390 624 696 742 762 
33 105 116 274 494 537 548 573 673 694 740 815 844 862 883 944 
145 159 217 229 332 405 430 529 573 633 674 720 953 
21 38 57 172 362 407 529 611 639 902 918 
94 201 381 401 428 569 684 784 793 855 874 895 956 
72 78 96 183 336 408 510 533 541 592 594 628 634 642 
204 334 699 703 793 895 956 
526 538 639 937 
283 392 407 527 684 778 846 862 906 
285 368 377 523 766 824 918 944 956 
8 51 73 208 217 346 387 432 494 561 677 744 868 888 
12 120 132 217 307 522 577 638 805 885 991 
26 48 175 197 692 752 832 834 964 975 
234 296 368 494 682 746 766 788 956 982 
170 310 548 617 624 775 798 814 966 
37 64 75 112 136 164 197 275 321 384 630 639 736 825 844 864 975 
51 66 125 136 140 144 439 523 623 690 701 769 794 815 900 
25 163 190 581 782 890 898 
83 132 167 427 675 766 949 
39 145 283 475 489 649 674 
45 116 378 383 460 534 610 673 749 858 989 
166 181 227 236 362 384 392 460 522 529 530 658 663 675 704 807 855 
130 217 274 366 639 746 820 878 990 
252 470 534 795 830 859 912 913 995 